  13413250     28218       458         0         0    912101      2481       183        48         3
  13413500     28650       474         1         0    912118      2355       191        54         3
  13413500     28632       471         2         0    912118      2469       201        53         3
  13413500     28151       500         0         1    912118      2376       165        57         2
  13413500     28060       524         1         0    912118      2382       194        42         2
  13413500     28292       497         3         0    912118      2555       176        46         3
  13413500     28650       490         2         0    912118      2372       195        51         4
  13413500     28630       456         0         0    912118      2474       162        53         3
  13413500     28651       477         1         0    912118      2336       185        46         3
  13413500     28470       470         3         0    912118      2419       183        53         3
  13413250     28732       459         0         0    912101      2425       199        45         6
  13413250     28574       466         1         0    912101      2485       181        59         2
  13413500     28460       472         0         0    912118      2436       204        42         2
  13413250     28534       448         0         0    912101      2512       179        56         4
  13413500     28617       519         3         0    912118      2381       182        44         2
  13413250     28440       516         1         0    912101      2317       194        55         1
  13413500     28391       472         0         0    912118      2416       177        68         1
  13413250     28670       491         3         0    912101      2402       179        44         4
  13413500     28450       482         2         0    912118      2511       173        46         0
  13413500     28308       433         2         0    912118      2444       162        52         1
  13413500     28556       497         0         0    912118      2382       189        54         1
  13413500     28451       474         1         0    912118      2443       183        46         2
  13413500     28648       507         2         0    912118      2437       188        44         2
  13413500     28593       467         1         0    912118      2429       198        42         2
  13413500     28607       449         2         0    912118      2361       184        45         2
  13413500     28272       490         1         0    912118      2464       182        44         3
  13413250     28530       508         3         0    912101      2448       175        45         2
  13413500     28465       479         0         0    912118      2470       160        48         3
  13413500     28391       491         0         0    912118      2395       160        39         2
  13413500     28430       488         0         0    912118      2431       153        35         1
  13413500     28361       504         2         0    912118      2488       159        51         1
  13413500     28376       474         3         0    912118      2404       167        43         2
  13413500     28375       455         0         0    912118      2425       185        53         3
  13413500     28411       440         1         0    912118      2359       142        67         1
  13413500     28593       475         0         0    912118      2374       181        58         3
  13413500     28451       434         1         0    912118      2489       162        44         1
  13413500     28211       501         0         0    912118      2414       183        43         1
  13413500     28537       480         2         0    912118      2375       149        47         4
  13413500     28451       496         1         0    912118      2410       183        35         6
  13413500     28340       509         3         0    912118      2402       186        54         5
  13413500     28163       474         4         0    912118      2477       169        33         3
  13413500     28690       491         2         0    912118      2384       169        49         1
  13413500     28303       464         2         0    912118      2321       164        45         1
  13413500     28351       475         3         0    912118      2417       150        44         4
  13413250     28290       480         2         0    912101      2437       168        43         2
  13413500     28189       459         1         0    912118      2458       176        54         1
  13413500     28214       490         1         0    912118      2458       168        47         2
  13413500     28108       476         0         0    912118      2424       158        42         3
  13413500     28274       489         2         0    912118      2390       166        53         0
  13413500     28482       461         0         0    912118      2474       172        50         2
  13413500     28520       487         2         0    912118      2423       179        41         2
  13413500     28414       480         2         0    912118      2487       178        46         0
  13413500     28637       483         0         0    912118      2422       173        56         0
  13413500     28436       471         2         0    912118      2404       187        50         5
  13413500     28417       467         2         0    912118      2387       176        52         4
  13413250     28597       443         2         0    912101      2421       172        49         2
  13413500     28527       460         3         0    912118      2513       183        47         1
  13413500     28345       500         0         0    912118      2395       184        39         4
  13413500     28367       497         0         0    912118      2357       175        45         0
  13413500     28513       452         2         0    912118      2398       181        66         1
  13413250     28330       474         3         0    912101      2489       187        46         4
  13413500     28354       476         1         0    912118      2388       178        42         4
  13413500     28215       484         2         0    912118      2338       193        58         2
  13413500     28267       483         1         0    912118      2432       169        42         2
  13413500     28473       446         2         0    912118      2351       185        46         2
  13413500     28431       483         1         0    912118      2417       176        37         5
  13413500     28451       482         1         0    912118      2346       180        38         3
  13413250     28323       450         4         0    912101      2449       176        54         2
  13413500     28696       522         2         0    912118      2420       189        57         4
  13413250     28546       451         1         0    912101      2448       141        43         3
  13413500     28410       469         1         0    912118      2376       139        52         3
  13413500     28571       497         2         0    912118      2529       191        40         2
  13413500     28350       499         0         0    912118      2350       164        51         0
  13413500     28383       471         4         0    912118      2420       164        34         3
  13413500     28308       527         0         0    912118      2388       195        52         1
  13413250     28276       493         0         0    912101      2514       171        34         5
  13413500     28418       469         2         0    912118      2436       180        38         1
  13413500     28234       503         0         0    912118      2374       177        25         4
  13413250     28229       439         1         0    912101      2441       169        34         5
  13413500     28592       455         4         0    912118      2451       174        57         0
  13413500     28550       462         2         0    912118      2398       163        49         0
  13413500     28295       495         1         0    912118      2389       184        46         0
  13413250     28451       505         2         0    912101      2326       200        43         4
  13413500     28627       481         2         0    912118      2387       170        55         1
  13413500     28718       473         1         0    912118      2405       173        46         3
  13413500     28132       517         2         0    912118      2308       178        49         1
  13413500     28268       426         0         0    912118      2457       170        39         3
  13413500     28345       482         0         0    912118      2364       184        46         3
  13413250     28391       437         3         0    912101      2388       174        39         1
  13413500     28625       478         1         0    912118      2384       171        55         4
  13413500     28193       498         3         0    912118      2423       195        54         2
  13413500     28270       505         1         0    912118      2343       188        40         5
  13413500     28754       493         1         0    912118      2456       162        50         5
  13413500     28239       480         1         0    912118      2436       177        53         2
  13413500     28032       450         2         0    912118      2484       182        52         3
  13413500     28511       475         1         0    912118      2381       179        49         4
  13413500     28589       454         1         0    912118      2420       172        52         3
  13413500     28532       533         1         0    912118      2430       176        49         3
  13413500     28491       464         0         0    912118      2407       171        55         1
  13413500     28266       464         4         0    912118      2348       162        45         3
